CamB -7.279131973797718 -7.19201961383896 -7.082237427244938
DDO064 -7.218548114350106 -7.075763136351164 -7.035627000492432
DDO154 -7.300566287836452 -7.23247959774229 -7.165030359582389
DDO161 -7.473771397638298 -7.351353524333027 -7.351353524333027
DDO168 -7.177198340885883 -7.0737957652012105 -6.971618430675309
DDO170 -7.003304677257152 -6.866411303815348 -6.866411303815348
ESO079-G014 -8.175317100885932 -8.142437574939109 -7.810941760970281
ESO116-G012 -7.466208954990977 -7.388892371088574 -7.253318510445508
ESO444-G084 -7.568951204560744 -7.568951204560744 -7.441473087143394
ESO563-G021 -7.942442059874138 -7.76555298822988 -7.65084696835655
F565-V2 -8.013817789656104 -7.969481474272062 -7.670147114370573
F568-3 -7.859926444916869 -7.859926444916869 -7.654950000664796
F568-V1 -8.113697138283841 -7.854360316191515 -7.821863273354914
F571-8 -7.511158566208662 -7.15914761857933 -7.15914761857933
F571-V1 -7.576306564526338 -7.442240579419612 -7.428112812877388
F574-1 -7.31077358036454 -7.2587623689438585 -7.219031714749589
F583-1 -8.002787990547935 -7.929019368588003 -7.812642486496098
F583-4 -7.930570810997885 -7.879531468608752 -7.879531468608752
IC2574 -6.870428710532821 -6.728121793607067 -6.420908265277769
IC4202 -6.932244479450594 -6.823623890548655 -6.790137947172911
KK98251 -7.556643154866779 -7.345460850484492 -7.345460850484492
NGC0024 -7.909811408849975 -7.7652011459537595 -7.5985938956946315
NGC0055 -7.614644134112445 -7.513749136513172 -7.302029321274347
NGC0100 -8.214736747828905 -7.769586275702849 -7.769586275702849
NGC0247 -7.602944045112589 -7.4430431650999855 -7.394085848679646
NGC0289 -7.307332909241353 -7.062424772769087 -6.934824533166074
NGC0300 -7.539264482098012 -7.498604924680862 -7.365941388787785
NGC0801 -6.901253210639045 -6.901253210639045 -6.701342642544797
NGC0891 -7.495676120765413 -7.367568522718971 -7.254572944346555
NGC1003 -7.693966242678844 -7.572825842915135 -7.498842981220087
NGC1090 -7.177421727663908 -6.98091937660812 -6.7028305150037
NGC2403 -7.010065894875855 -6.881003729145094 -6.774185788112533
NGC2683 -6.985048209105239 -6.803322170173778 -6.649139592937058
NGC2841 -7.016091110014042 -6.989294247769755 -6.865699740550672
NGC2903 -7.264150661566313 -7.145907768181948 -7.088774550632912
NGC2915 -7.654728162243496 -7.528146374672542 -7.528146374672542
NGC2955 -6.821843236777703 -6.6635420160565095 -6.4983326043540615
NGC2976 -7.028466550366461 -6.6590230970039705 -6.541471468690392
NGC2998 -6.843138815450503 -6.6983894254512855 -6.431410257171828
NGC3109 -7.3422505543000165 -7.254924869283179 -7.222281036613155
NGC3198 -6.833229084791422 -6.78971569959519 -6.742994922444775
NGC3521 -7.33998365037404 -7.316765596937911 -7.221007060313768
NGC3726 -6.844189533777963 -6.7732174504898515 -6.7322186919204645
NGC3741 -7.25319863060884 -7.197715547532454 -7.14076013991627
NGC3769 -6.785503184724587 -6.674135940492212 -6.623877030654387
NGC3877 -6.688710721415651 -6.59268796746569 -6.533614316097472
NGC3893 -6.589820240115593 -6.531578779401831 -6.334587470273162
NGC3917 -6.2676174610270845 -6.119676628720782 -5.975081815510373
NGC3949 -6.502530339714605 -6.442846431465346 -6.259277835935255
NGC3953 -6.255092309542189 -6.0966081879561065 -5.900158242434407
NGC3972 -6.271297055978359 -6.19941842443487 -6.000719437501066
NGC3992 -7.196759945110024 -7.024405350471127 -6.953325032243304
NGC4010 -6.623034891700091 -6.501291274532331 -6.372185408441289
NGC4013 -6.730790644183301 -6.658140338259521 -6.517163770563583
NGC4051 -6.719591902924604 -6.608011383194887 -6.4654552774350735
NGC4068 -7.2343244102602595 -7.159012846205231 -7.084566462911239
NGC4085 -6.390589565195579 -6.215276021563955 -6.06763833773617
NGC4088 -6.331332253143437 -6.180796334960641 -6.081834592413312
NGC4100 -6.363985057313746 -6.245074437033544 -6.051868237545689
NGC4138 -6.604864895794558 -6.422443226780254 -6.33012047234753
NGC4157 -6.424897538242387 -6.242075092308308 -6.138842929326248
NGC4183 -6.566880899402806 -6.440485575443178 -6.336939255185574
NGC4217 -6.627638773242313 -6.53085598352056 -6.331541699023406
NGC4559 -7.164030909972456 -7.020398739294976 -6.9948905389585265
NGC5005 -6.233361496553992 -6.025115972839842 -5.675638109724957
NGC5033 -6.2263295139023604 -5.965311049872837 -5.8522308571274095
NGC5055 -6.31126121885249 -5.906278935735689 -5.7525905981942245
NGC5371 -6.277432246105722 -5.808060207952723 -5.420685030124021
NGC5585 -7.2846961000791906 -7.179919789476032 -7.101944567422761
NGC5907 -7.5687115703337255 -7.410805177964709 -7.410805177964709
NGC5985 -7.8636008827760895 -7.85119685239031 -7.7406160947376526
NGC6015 -7.699665440775501 -7.4997405439843 -7.4997405439843
NGC6195 -6.265667740697354 -6.118428440698634 -5.940081802760903
NGC6503 -7.406679722348734 -7.385638742058285 -7.189646622078327
NGC6674 -7.83046902993805 -7.564756249886566 -7.4311838348434485
NGC6946 -7.567738192872801 -7.43762891298984 -7.335871830746737
NGC7331 -8.370549227769656 -8.275039567523137 -7.925993663073933
NGC7793 -7.56508266665611 -7.489984142410224 -7.3786516780456886
NGC7814 -8.260664244732055 -7.950184526882099 -7.838550677798931
UGC00128 -7.307101166904835 -7.040693393365366 -6.909612490409457
UGC00191 -8.218919540054504 -7.877234878844455 -7.785790278592182
UGC00731 -7.772462201319582 -7.772462201319582 -7.463808398488657
UGC00891 -7.824276933459929 -7.824276933459929 -7.612268888940512
UGC01281 -7.159597102013676 -7.01061265827188 -6.953347279312425
UGC02259 -7.482464989275055 -7.331809320166443 -7.212517413505164
UGC02487 -6.159282630866779 -5.937359177768219 -5.375049176852989
UGC02885 -5.923031793758188 -5.612015168732618 -4.925395041697158
UGC02916 -6.756879342800233 -6.6103315296915275 -6.592005701651356
UGC02953 -6.6580051382943575 -6.40601985875988 -6.268596480909166
UGC03205 -6.485557552839289 -6.274622640105345 -5.905711757054761
UGC03546 -7.888992324690169 -7.734725176588487 -7.6147642571520695
UGC03580 -7.340876969928846 -7.304843515514298 -7.220649046393453
UGC04278 -7.03836859964751 -6.961245783010402 -6.893245984439107
UGC04325 -7.015762084632501 -6.9069732894791835 -6.861139862619222
UGC04483 -6.999714341569096 -6.808752162888431 -6.727891335110275
UGC04499 -6.945366211372441 -6.859916281543843 -6.748104122600263
UGC05005 -7.997972540723622 -7.679005701018905 -7.679005701018905
UGC05253 -7.16224763065571 -7.130390373287145 -7.0201781708774105
UGC05414 -7.011241138446782 -6.938102035991962 -6.927146871486922
UGC05716 -7.091383524958939 -6.983028931831095 -6.983028931831095
UGC05721 -7.194985150992851 -7.084644721483122 -7.028804516603405
UGC05750 -8.123163920791669 -7.943861448698291 -7.943861448698291
UGC05764 -7.122651646291001 -7.1124475271316925 -7.022265758695656
UGC05829 -7.0242754371223155 -6.9349266734338215 -6.868896549910453
UGC05918 -7.160455760666335 -7.092604876102934 -6.950582680270495
UGC05986 -7.042903513529745 -6.903850495069266 -6.883154912919092
UGC06399 -6.676439172981504 -6.6105137425980605 -6.524110719879355
UGC06446 -6.7331257837955745 -6.6754704746089 -6.5604127393142155
UGC06614 -6.977879075225564 -6.872715878822382 -6.859787778137215
UGC06667 -6.363526015520156 -6.265528924051195 -6.145771944904224
UGC06786 -6.812343797069474 -6.624723613715791 -6.5074887515238435
UGC06787 -6.855352975806613 -6.675119185258736 -6.636774857205545
UGC06818 -6.858035363857769 -6.776638261742238 -6.732608185555664
UGC06917 -6.3795014642175865 -6.276170468112138 -6.109207837291021
UGC06923 -6.226772094405515 -6.066101530055062 -5.954337482729816
UGC06930 -6.365238039455354 -6.261656574514729 -6.142575049323493
UGC06983 -6.231539494786084 -6.117889020520567 -5.996046079678742
UGC07089 -6.571530377958471 -6.395768905573884 -6.337327856496286
UGC07125 -6.839428716334975 -6.6443945011504235 -6.513624331687345
UGC07151 -6.644123280457662 -6.549446028598766 -6.452609600772051
UGC07261 -6.910238606279039 -6.830007711960117 -6.800141094939362
UGC07323 -6.642432950997883 -6.419615020382475 -6.207344705018936
UGC07399 -6.588478365355664 -6.3267231332063085 -6.197887451407081
UGC07524 -7.270012545734686 -7.2110456635788545 -7.123647809716467
UGC07559 -7.182662354600261 -7.122483414014959 -7.052040606078627
UGC07577 -7.2562173433842165 -7.203902439821782 -7.123593809815231
UGC07603 -7.172073017403335 -7.134399467793766 -7.059891601889324
UGC07690 -6.7130657900705275 -6.5475230784998315 -6.320538635500253
UGC07866 -7.2896920729524 -7.233864729986124 -7.147751441303005
UGC08286 -6.887082423531136 -6.726795360173594 -6.489663519953806
UGC08490 -6.972576279075685 -6.820339016757406 -6.773290010424629
UGC08550 -7.185794842377965 -7.110246043855836 -7.082951249809887
UGC08699 -6.24939896469602 -6.058247505646056 -5.902815240696485
UGC08837 -7.234251907885734 -7.172345243562584 -7.131011582212372
UGC09037 -7.958982441556293 -7.751914878365572 -7.600163060307297
UGC09133 -6.566733811469694 -6.003914576821413 -5.791667189693618
UGC09992 -7.371262667456408 -7.2275176146706555 -7.173178630234687
UGC10310 -7.902189271470496 -7.88573408139562 -7.730365046152141
UGC11455 -8.200735907637085 -7.929878469501864 -7.929878469501864
UGC11557 -8.432193155083752 -7.965385087998712 -7.965385087998712
UGC11820 -8.513893964255594 -8.513893964255594 -8.209144326581331
UGC11914 -8.441313963105154 -8.397495772283063 -8.041243383918827
UGC12506 -7.812153258316538 -7.451017687710636 -7.451017687710636
UGC12632 -7.775505651842023 -7.659797004932704 -7.509703876108074
UGC12732 -8.300680292153285 -8.300680292153285 -7.9133434821621655
UGCA442 -7.721168759465879 -7.698454306263976 -7.502243340767956
UGCA444 -7.455177820787589 -7.328845635561805 -7.297600144907068
