CamB -8.013171062712 -8.013171062712 -7.808809896359072
DDO064 -7.883866218689461 -7.741153984028467 -7.700488071926488
DDO154 -8.021946740055984 -8.021946740055984 -7.877715251153025
DDO161 -8.14250580755561 -8.016744372010322 -8.016744372010322
DDO168 -8.003697446171111 -7.969711165326867 -7.8565699079352695
DDO170 -7.668952114999743 -7.562373705745781 -7.5361166343541335
ESO079-G014 -8.902591240691017 -8.807828422616414 -8.545808724499045
ESO116-G012 -8.239321205891443 -8.239321205891443 -7.98163492390207
ESO444-G084 -8.241007847442336 -8.241007847442336 -8.137348125438216
ESO563-G021 -8.612264202334632 -8.430943835907183 -8.390448100633396
F565-V2 -8.684923440779773 -8.63487232194937 -8.334589978889957
F568-3 -8.525317292594174 -8.525317292594174 -8.319426736548916
F568-V1 -8.779622528997978 -8.51975116386882 -8.487462354232004
F571-8 -8.14901246936331 -7.946528290688072 -7.83214822017651
F571-V1 -8.244441660898612 -8.107631427096921 -8.094314922159022
F574-1 -7.970664635961518 -7.9241532166211615 -7.899030538511858
F583-1 -8.691357297195228 -8.691357297195228 -8.476457032850021
F583-4 -8.593138140105827 -8.544922316286057 -8.544922316286057
IC2574 -7.440839170395434 -6.714421493835099 -6.383719192949207
IC4202 -7.596041838318863 -7.507153878442501 -7.451968544468607
KK98-251 -8.249397193100505 -8.010851698161787 -8.010851698161787
NGC0024 -8.575665531721395 -8.560484699054678 -8.266500925761559
NGC0055 -8.16782171015883 -8.059739867444975 -7.969940477504305
NGC0100 -8.848842296962047 -8.585357831503998 -8.443908825718843
NGC0247 -8.069254019227763 -7.9179681412707 -7.816305199295406
NGC0289 -8.196583436080102 -8.178162501740845 -8.031596626036373
NGC0300 -8.175373262337292 -8.060572246175122 -7.995195179926663
NGC0801 -7.562664147509365 -7.5443703044957005 -7.36618027393051
NGC0891 -8.28313069721845 -8.208530520634989 -7.977952536278796
NGC1003 -8.4011471997757 -8.4011471997757 -8.155966399971701
NGC1090 -8.414574743136855 -8.221878433860025 -8.221878433860025
NGC2403 -7.692355164120283 -7.432016779089237 -7.355831085008395
NGC2683 -7.855576141291661 -7.770193322686662 -7.686930237512771
NGC2841 -7.692765300045142 -7.677814773295316 -7.570848439840608
NGC2903 -7.929137668754412 -7.811298615859245 -7.7521265226022456
NGC2915 -8.32012003292584 -8.23576478248669 -8.20636446749927
NGC2955 -7.902416330874683 -7.766196064515701 -7.650062687264553
NGC2976 -7.518433163799304 -6.864567778487717 -6.58108268457466
NGC2998 -6.937276809973603 -6.765420145569754 -6.52686080115596
NGC3109 -8.142723310782124 -8.065256881924883 -7.999283349257105
NGC3198 -7.594676064609858 -7.533543358469588 -7.49522696055523
NGC3521 -8.024862624630652 -7.982156444615217 -7.8403954024180305
NGC3726 -7.6253846873249245 -7.448260434131696 -7.448260434131696
NGC3741 -7.97552125468254 -7.9610484230347325 -7.870720975644789
NGC3769 -7.551551427500799 -7.449730943389214 -7.449730943389214
NGC3877 -7.549316325036212 -7.454802326239023 -7.454802326239023
NGC3893 -7.55197195018974 -7.476790538787113 -7.476790538787113
NGC3917 -6.8991890181393565 -6.546230915233079 -6.233159922549502
NGC3949 -7.52015699364659 -7.462316257754895 -7.462316257754895
NGC3953 -6.545313145074221 -6.283042700984965 -6.109936135763456
NGC3972 -7.151802319438185 -6.944957145492529 -6.771972352794141
NGC3992 -7.855268816070252 -7.775061552072374 -7.668094809291717
NGC4010 -7.526485004681816 -7.468324612271862 -7.468324612271862
NGC4013 -7.521319188137511 -7.464530861468328 -7.464530861468328
NGC4051 -7.51905842810698 -7.4653466254669665 -7.4653466254669665
NGC4068 -7.947621208014628 -7.8132604100176355 -7.8132604100176355
NGC4085 -6.979233062428968 -6.807862267421788 -6.66593033084631
NGC4088 -7.088826141590925 -6.956595676733828 -6.66636198026316
NGC4100 -6.968505533781123 -6.7720630983847885 -6.475701355433421
NGC4138 -7.5581516679012894 -7.469791280749852 -7.469791280749852
NGC4157 -7.134322255530179 -6.992287834060936 -6.698280090510148
NGC4183 -7.565593999424875 -7.476378913823982 -7.476378913823982
NGC4217 -6.9723981013360925 -6.806786692918911 -6.52843115126855
NGC4559 -7.83460471885663 -7.727002355700702 -7.641723331774952
NGC5005 -6.375672995529962 -5.923559872251447 -5.73637595233274
NGC5033 -6.482747591766759 -6.21394994645855 -6.02583958194308
NGC5055 -6.402634924374983 -6.060332114589613 -5.829880589945667
NGC5371 -6.384229893513897 -6.074823520763551 -5.494725683009932
NGC5585 -7.948248615792427 -7.84531063715334 -7.782373728871979
NGC5907 -8.276269417400679 -8.076196025642004 -8.076196025642004
NGC5985 -8.52672896388231 -8.516587700067612 -8.404695958420842
NGC6015 -8.365886264911673 -8.165131391661605 -8.165131391661605
NGC6195 -7.200068694209948 -7.086712205954109 -7.086712205954109
NGC6503 -8.086772220678153 -8.086772220678153 -7.905228295884547
NGC6674 -8.418323889327226 -8.230147097563869 -8.143895774153691
NGC6946 -8.230686717727737 -8.103019760667143 -8.00274920624933
NGC7331 -9.041909533859355 -8.582978117520012 -8.582978117520012
NGC7793 -8.061648312496398 -7.925010370536468 -7.782563020392817
NGC7814 -8.912337179363023 -8.671480133939877 -8.504125236850964
UGC00128 -7.85025808267005 -7.706084241042671 -7.617072577905331
UGC00191 -8.743450011272413 -8.513977021677082 -8.426867061106975
UGC00731 -8.437853048996885 -8.437853048996885 -8.13162074000547
UGC00891 -8.489667781137232 -8.489667781137232 -8.13007995885962
UGC01281 -8.206872682121212 -8.206872682121212 -7.86514556589369
UGC02259 -8.266866395966924 -8.188228322263507 -8.146672527081058
UGC02487 -7.487717568064462 -7.389265450120984 -7.226998271584433
UGC02885 -6.180344176640326 -5.610351419270821 -5.065488321587631
UGC02916 -7.422239590001335 -7.275722377368831 -7.255872752411657
UGC02953 -7.181185751002012 -6.866333682777114 -6.681563512684421
UGC03205 -6.601051818291592 -6.209091449624066 -5.9555732107466905
UGC03546 -8.555280965295603 -8.40011602426579 -8.279486171436897
UGC03580 -8.00862797075931 -7.970234363191603 -7.869468287537186
UGC04278 -7.579376283335183 -7.450124160605355 -7.3361180283071015
UGC04325 -7.607351178773033 -7.44118745293264 -7.315874637541668
UGC04483 -7.9261990231480475 -7.884827361527691 -7.767999931728232
UGC04499 -7.78659761314042 -7.773707501697713 -7.629544520212091
UGC05005 -8.655193001620843 -8.344396548696208 -8.344396548696208
UGC05253 -7.827223894188683 -7.795781220964448 -7.683996588597389
UGC05414 -7.676624185296382 -7.603492883669265 -7.591623824184096
UGC05716 -7.764602272974143 -7.648419779508399 -7.648419779508399
UGC05721 -7.837447181444909 -7.750035569160426 -7.6925538110420995
UGC05750 -8.78773370478835 -8.609252296375596 -8.609252296375596
UGC05764 -7.789153657082716 -7.777838374808996 -7.687224486074089
UGC05829 -7.682933222329158 -7.6224714729786704 -7.566515951154122
UGC05918 -7.829301527429286 -7.733992598087037 -7.6188272734736895
UGC05986 -7.708709025461817 -7.639409559184689 -7.545166983776545
UGC06399 -7.620074490705121 -7.427806027285821 -7.427806027285821
UGC06446 -7.524730855007628 -7.499838692373423 -7.442435892419733
UGC06614 -7.643428057348059 -7.538106726499693 -7.538106726499693
UGC06667 -7.5627524448929115 -7.459160023055436 -7.459160023055436
UGC06786 -7.385920531898725 -7.163690882528551 -7.058227731423836
UGC06787 -7.580001068919677 -7.511816206037966 -7.4096445775984
UGC06818 -7.626130116039772 -7.5142856159938285 -7.477232329915397
UGC06917 -7.1900457452045465 -7.059091168479656 -6.753737385833847
UGC06923 -6.469199912544698 -6.316643326371254 -6.16375038719292
UGC06930 -7.183664597347548 -6.983480925453757 -6.743036295636386
UGC06983 -6.490891389544584 -6.331543986530108 -6.171636347542149
UGC07089 -7.554834664133584 -7.485349748949957 -7.485349748949957
UGC07125 -7.6394771476075 -7.519805128061915 -7.519805128061915
UGC07151 -7.208765792070063 -7.091785489869633 -6.930641917199101
UGC07261 -7.575725926560795 -7.49539855963742 -7.49539855963742
UGC07323 -7.75499462571911 -7.634008544398155 -7.613324888247265
UGC07399 -7.7513279436146165 -7.625275619600261 -7.602393367395293
UGC07524 -7.9543016469540495 -7.885159367242451 -7.832987724154512
UGC07559 -7.941650297113492 -7.876793601722848 -7.823747691287456
UGC07577 -8.010581759794444 -7.938439935340854 -7.849826928597544
UGC07603 -7.942530745390938 -7.865688256609338 -7.797981737296601
UGC07690 -7.756588632963814 -7.636428184968067 -7.577488669236629
UGC07866 -7.938887934574126 -7.9063255220758535 -7.825615171991392
UGC08286 -7.893235825372973 -7.785067961163422 -7.7308386057221865
UGC08490 -7.698652435094406 -7.371822540834423 -7.250358465819481
UGC08550 -7.863935128538792 -7.845594645573043 -7.762882147970667
UGC08699 -6.453228103710334 -6.237111151022374 -5.999305578704359
UGC08837 -7.946022640721344 -7.837736091239889 -7.757621977559862
UGC09037 -8.62985989884045 -8.62985989884045 -8.25894825453664
UGC09133 -7.920016697386121 -7.851460617053359 -7.681027326722763
UGC09992 -8.03288272637228 -7.892908462347959 -7.839092496183387
UGC10310 -8.569071369584895 -8.551124929072923 -8.397420187993399
UGC11455 -9.053488806646783 -8.595269317179168 -8.595269317179168
UGC11557 -9.096753645964597 -8.630775935676017 -8.630775935676017
UGC11820 -9.179284811932897 -9.179284811932897 -8.854351669983581
UGC11914 -9.062886619960365 -9.062886619960365 -8.706922632594033
UGC12506 -8.472875336055921 -8.237925127267765 -8.11668324458459
UGC12632 -8.439487451103753 -8.325187852610009 -8.17853071690686
UGC12732 -8.966071139830587 -8.966071139830587 -8.554079905449349
UGCA442 -8.482600476728257 -8.226236535471756 -8.152675007192718
UGCA444 -8.118177510553656 -8.009874495275742 -7.967159005013004
