CamB -6.952706151195264 -6.881259279101839 -6.754196527302988
DDO064 -6.996489609272626 -6.956012393856689 -6.843786759700869
DDO154 -7.056871567649571 -7.008048239428377 -6.933593808159683
DDO161 -7.251434560742941 -7.12955657510726 -7.12955657510726
DDO168 -6.964096166043776 -6.940580107104483 -6.832220252593149
DDO170 -6.69641809971294 -6.6751859088427095 -6.650846914926946
ESO079-G014 -8.015100824919665 -7.778496398601441 -7.657979132372603
ESO116-G012 -7.285129638341828 -7.181228111578402 -7.007420912843298
ESO444-G084 -7.349183850907316 -7.349183850907316 -7.248092796480313
ESO563-G021 -7.774429307790726 -7.543756039004112 -7.506045475324046
F565-V2 -7.849010961782734 -7.747684525046296 -7.444474113221876
F568-3 -7.638129495691102 -7.638129495691102 -7.435406849740031
F568-V1 -7.828517433835063 -7.632563366965741 -7.632563366965741
F571-8 -7.039534249274062 -6.970916324691259 -6.841562579203079
F571-V1 -7.357227915624459 -7.220443630193844 -7.209586355078822
F574-1 -7.091858494827556 -7.036965419718091 -6.99377718379464
F583-1 -7.804169500292157 -7.804169500292157 -7.590611573748936
F583-4 -7.7073296166258025 -7.657734519382976 -7.657734519382976
IC2574 -6.847582253978975 -6.598773354044253 -6.386338393956671
IC4202 -6.7106617826221715 -6.6199660815394346 -6.5650576465879595
KK98-251 -7.332709472582564 -7.190080930152174 -7.176251925294545
NGC0024 -7.677285931876279 -7.500106628253453 -7.376647812794268
NGC0055 -7.315233932599743 -7.209362155575961 -7.074501326510314
NGC0100 -7.906172079624013 -7.547789326477082 -7.547789326477082
NGC0247 -7.404956045905968 -7.358067364337132 -7.172200086534254
NGC0289 -7.121171150694436 -6.903342226828422 -6.789728185553792
NGC0300 -7.315513790212472 -7.277392934894304 -7.141088777975515
NGC0801 -6.589819731688423 -6.3020794347690146 -5.988037677133911
NGC0891 -7.309927866201473 -7.1940001153319715 -7.124785166840022
NGC1003 -7.41857344645556 -7.296087788345092 -7.19366194037395
NGC1090 -7.168735391796636 -6.895724296784244 -6.745501120961229
NGC2403 -6.907577926650829 -6.850552665014739 -6.6854898201722035
NGC2683 -6.810388783893827 -6.657161618767759 -6.5720036765927885
NGC2841 -6.795360978786298 -6.7744372204565 -6.654750129509892
NGC2903 -7.0405795685245725 -6.92411081895618 -6.865044175346395
NGC2915 -7.403199599623992 -7.306349425446776 -7.306349425446776
NGC2955 -6.614897812691438 -6.472359696232372 -6.2774087247059205
NGC2976 -6.84808725627224 -6.634183916749907 -6.528970262299823
NGC2998 -6.7925688787621485 -6.673336052384548 -6.342266367523105
NGC3109 -7.10466919443505 -7.0535651172467375 -6.9964234960773455
NGC3198 -6.6200291081242835 -6.587746607675078 -6.551706267313078
NGC3521 -7.135043427870736 -7.094968647712143 -6.972317245870482
NGC3726 -6.573171221092928 -6.5273663283125165 -6.457199702141918
NGC3741 -7.024729344900099 -6.946536577270325 -6.916616778164553
NGC3769 -6.437390042477957 -6.332444307180675 -6.274376158286438
NGC3877 -6.398527294882755 -6.3528846644929375 -6.218597854486387
NGC3893 -6.290386708890344 -6.225464790953734 -6.081383610407733
NGC3917 -6.102968251595798 -5.979247919980748 -5.897950206152923
NGC3949 -6.300403802280011 -6.183205480961823 -6.100497989824102
NGC3953 -6.122604035089156 -5.98249225264184 -5.822698487499676
NGC3972 -6.182502389666383 -6.06543440815537 -5.929065403721771
NGC3992 -6.966380517181167 -6.859562743213323 -6.763983723327677
NGC4010 -6.385176843756716 -6.314720216537577 -6.216252231451396
NGC4013 -6.427686909358544 -6.359976975602153 -6.218201013855889
NGC4051 -6.399345290842199 -6.333813626856621 -6.2491056355538035
NGC4068 -6.8812052627572715 -6.790127954589165 -6.688670360471823
NGC4085 -6.171226169478488 -6.0377533576367055 -5.958037707564292
NGC4088 -6.205630178911586 -6.07487270712542 -5.983852547737858
NGC4100 -6.222924649499018 -6.070957988286975 -5.993752293700591
NGC4138 -6.416806174958102 -6.29909584188889 -6.234253153154216
NGC4157 -6.230624787899109 -6.091489411536458 -5.994092384228368
NGC4183 -6.42134882503409 -6.303057507650692 -6.234987846615338
NGC4217 -6.438658270120008 -6.347474303190389 -6.202353193209877
NGC4559 -6.6935063258742336 -6.486868284281694 -6.178908174542738
NGC5005 -6.1707051096382095 -5.991227581713027 -5.706819948169846
NGC5033 -6.210463457584317 -5.952384977701543 -5.816983937483185
NGC5055 -6.194951859647543 -5.998673138186886 -5.748810660326187
NGC5371 -6.078629741549639 -5.738146966061934 -5.409359682066964
NGC5585 -6.966633365234848 -6.916518000064734 -6.864925589726507
NGC5907 -7.289615044489755 -7.189008228738941 -7.189008228738941
NGC5985 -7.6448983421284975 -7.629399903164546 -7.5198775722729945
NGC6015 -7.475850703482852 -7.277943594758533 -7.277943594758533
NGC6195 -6.0639133611248655 -5.961038429328134 -5.85614553492271
NGC6503 -7.128171460785343 -7.088157857181786 -6.959218236517081
NGC6674 -7.294609208918273 -7.048335784275314 -6.839557398720408
NGC6946 -7.324820458104382 -7.186247795539077 -7.08847771286673
NGC7331 -7.978945412017006 -7.839532942250056 -7.573384217510107
NGC7793 -7.395070422942895 -7.2599419788481105 -7.203729766661764
NGC7814 -8.034270305675243 -8.007911374558699 -7.618581626006997
UGC00128 -6.954435461305011 -6.863402275708268 -6.698480364292337
UGC00191 -7.996275558958612 -7.655437929618682 -7.561090445064611
UGC00731 -7.550665252093815 -7.550665252093815 -7.241247301888104
UGC00891 -7.6024799842341615 -7.6024799842341615 -7.242159118073768
UGC01281 -6.865492014893107 -6.820336235400795 -6.733560031374783
UGC02259 -7.21601930017245 -7.107437506002646 -7.056174877866396
UGC02487 -6.068504695270174 -5.780546237736592 -5.355086963831221
UGC02885 -5.806272762704427 -5.452765203946248 -5.010103569904453
UGC02916 -6.537240454597278 -6.38853458046576 -6.368525926178993
UGC02953 -6.630734677766193 -6.499260250732536 -6.255011263797034
UGC03205 -6.4554374152685945 -6.2501326719979 -5.852924211327098
UGC03546 -7.619604320705152 -7.512928227362719 -7.319546160888117
UGC03580 -7.133857260856798 -7.133857260856798 -6.981880231276412
UGC04278 -6.886652199847998 -6.763980114202933 -6.732240490143179
UGC04325 -6.818103164028609 -6.715111137247565 -6.6828562423028215
UGC04483 -6.8664319315999425 -6.727663182000555 -6.631111904444124
UGC04499 -6.676866102927099 -6.56929234447036 -6.411197449582947
UGC05005 -7.775312568203528 -7.457208751793138 -7.457208751793138
UGC05253 -6.937821332210222 -6.908593424061378 -6.8006382062417865
UGC05414 -6.796285113672913 -6.716305086766194 -6.645091537936091
UGC05716 -6.879073871063185 -6.8256834582928745 -6.730823741472452
UGC05721 -6.977361131893949 -6.862847772257354 -6.805415837615589
UGC05750 -7.898773644702316 -7.722064499472524 -7.722064499472524
UGC05764 -6.900879422025749 -6.890650577905925 -6.800498805904922
UGC05829 -6.802647728559424 -6.735283676075604 -6.6467455987982795
UGC05918 -6.935894802052348 -6.846804801183966 -6.7484271292852345
UGC05986 -6.764494582816087 -6.728832356802245 -6.658267784937011
UGC06399 -6.4400519098433255 -6.326518703700205 -6.254558359742391
UGC06446 -6.544679826993472 -6.495425473120249 -6.42186977281726
UGC06614 -6.661628551144957 -6.626098330647191 -6.550775904463818
UGC06667 -6.194230004919422 -6.049396353758932 -5.9693068099281845
UGC06786 -6.712032492258683 -6.585165268248334 -6.403203499810241
UGC06787 -6.615577992596398 -6.557286448157155 -6.503306325848226
UGC06818 -6.434087413869362 -6.389713526104141 -6.289160710456492
UGC06917 -6.1456198565415505 -6.041545039005416 -5.975516504185184
UGC06923 -6.109650508748593 -6.02336972300777 -5.885730984130618
UGC06930 -6.257426049176899 -6.122822513747921 -6.046860329184747
UGC06983 -6.12251661007568 -5.994812965853999 -5.892485641377809
UGC07089 -6.420693185332284 -6.3477826039100815 -6.227268382695495
UGC07125 -6.6294982139330045 -6.466704033950514 -6.425619481538502
UGC07151 -6.576066485305006 -6.495539669177208 -6.332568340282379
UGC07261 -6.674699595887332 -6.575418921252502 -6.554395420161475
UGC07323 -6.4915268802729615 -6.347910581638721 -6.172164900099708
UGC07399 -6.472365605442143 -6.237795632004086 -6.137660459615497
UGC07524 -6.986600170682555 -6.959305478471916 -6.872616509340804
UGC07559 -6.986013373813889 -6.9256153830996325 -6.861952091103045
UGC07577 -6.98997413303789 -6.951072028477215 -6.893320130367503
UGC07603 -6.997594342462452 -6.970093058646703 -6.88235013722719
UGC07690 -6.424052652414356 -6.337868409962971 -6.1450571295922325
UGC07866 -7.018559230190779 -6.990531731357151 -6.903141390197081
UGC08286 -6.767006696175996 -6.487584707875527 -6.39338656183384
UGC08490 -6.8742692417497775 -6.770343482637005 -6.668633461045751
UGC08550 -6.768162503822165 -6.594928417386728 -6.451489646216792
UGC08699 -6.050402421001866 -5.904436822428346 -5.490979790453775
UGC08837 -6.991013691754772 -6.925044481710956 -6.862600231369306
UGC09037 -7.733292816392659 -7.530117929139804 -7.36079047687506
UGC09133 -6.530512061237056 -6.1032836782946704 -5.763111037812511
UGC09992 -7.02803390687843 -6.986422678075093 -6.89756608389379
UGC10310 -7.681894474407179 -7.663937132169857 -7.51077393142247
UGC11455 -8.16807175330331 -7.708081520276094 -7.708081520276094
UGC11557 -8.194394938863976 -7.743588138772944 -7.743588138772944
UGC11820 -8.332211707986833 -8.292097015029826 -7.9737009566565415
UGC11914 -8.175698823057294 -8.175698823057294 -8.077850875944366
UGC12506 -7.593770514124325 -7.593770514124325 -7.2318766744382055
UGC12632 -7.552289012376986 -7.438000055706937 -7.289881982937091
UGC12732 -7.986552547194316 -7.635984025132865 -7.635984025132865
UGCA442 -7.5555890785545134 -7.293581654323421 -7.2701117162824
UGCA444 -7.183041120831202 -7.118284839114946 -7.052222241881128
