CamB -8.345866486550651 -8.345866486550651 -8.142564299030807
DDO064 -8.187850712190706 -8.175895614598414 -8.033181369324257
DDO154 -8.346045541946971 -8.288694597754086 -8.212044968001234
DDO161 -8.472317876672786 -8.349439795848973 -8.349439795848973
DDO168 -8.31793035387229 -8.183134962626594 -8.183134962626594
DDO170 -7.916455209646825 -7.8950691295844315 -7.872223643610384
ESO079-G014 -9.16951218207882 -9.140523846455064 -8.876578203254128
ESO116-G012 -8.572016629730093 -8.572016629730093 -8.316100253541874
ESO444-G084 -8.573703271280987 -8.573703271280987 -8.463034886790773
ESO563-G021 -8.941442036680941 -8.763639259745835 -8.650239783364864
F565-V2 -9.06648944642071 -8.96756774578802 -8.61478690823325
F568-3 -8.858012716432825 -8.858012716432825 -8.651253198949835
F568-V1 -9.112526432961465 -8.85244658770747 -8.820392975837999
F571-8 -8.494595858727278 -8.279223714526722 -8.164832895362801
F571-V1 -8.576451946593728 -8.440326850935572 -8.426613724147277
F574-1 -8.31225422941555 -8.256848640459818 -8.231415494591024
F583-1 -9.02405272103388 -9.02405272103388 -8.807837968430565
F583-4 -8.925552507822427 -8.877617740124707 -8.877617740124707
IC2574 -7.150770646767768 -6.731747663700652 -6.439272065552476
IC4202 -7.930312600113777 -7.8398493022811575 -7.767521297158909
KK98-251 -8.583807309283292 -8.423732336945243 -8.349715956013743
NGC0024 -8.903445677386584 -8.633394712046092 -8.594351072385953
NGC0055 -8.661540865563017 -8.564160368654266 -8.366275458167635
NGC0100 -9.202450167061375 -8.918053255342649 -8.774047237615049
NGC0247 -8.670363658451592 -8.629564266957004 -8.452927325817138
NGC0289 -8.528202130540288 -8.510857925579499 -8.364022874581206
NGC0300 -8.644194015445429 -8.544661231630394 -8.344908118461456
NGC0801 -7.89599967585057 -7.8659288514240275 -7.764357036551586
NGC0891 -8.656703617387478 -8.656703617387478 -8.46639209984389
NGC1003 -8.73384262361435 -8.73384262361435 -8.368199173580207
NGC1090 -8.78185470645228 -8.554573857698678 -8.554573857698678
NGC2403 -8.319165968915362 -8.319165968915362 -8.150278800476533
NGC2683 -8.190279181739204 -8.102888746525315 -8.019174758892616
NGC2841 -8.025752093852377 -8.010510197133968 -7.904286241101084
NGC2903 -8.247951092058747 -8.203310280682585 -8.085047143662939
NGC2915 -8.652780654577061 -8.610687766462187 -8.540308499567447
NGC2955 -8.234000496503452 -8.098891488354349 -7.981995153285604
NGC2976 -7.38415440883642 -6.9271000259166655 -6.572756227404132
NGC2998 -6.916185281684914 -6.763945869946927 -6.573060122684436
NGC3109 -8.483857637462622 -8.397952305763534 -8.328471378333775
NGC3198 -7.91809121188137 -7.866238782308239 -7.824596285766085
NGC3521 -8.33460614125699 -8.314851868453868 -8.229096062124203
NGC3726 -7.958082079005054 -7.780955857970348 -7.780955857970348
NGC3741 -8.309366532685381 -8.293743846873385 -8.154231823163446
NGC3769 -7.9607966147262506 -7.782426367227864 -7.782426367227864
NGC3877 -7.96235389932112 -7.787497750077676 -7.787497750077676
NGC3893 -7.989681469385962 -7.8094859626257564 -7.8094859626257564
NGC3917 -6.867649237950376 -6.671704780520334 -6.348919728084132
NGC3949 -7.853677157683459 -7.795011681593546 -7.795011681593546
NGC3953 -6.754395917632962 -6.5511783176997165 -6.321360564712532
NGC3972 -7.299142642134981 -7.039742457502108 -6.820412697655748
NGC3992 -8.1872484776923 -8.107756975911022 -7.999614992207624
NGC4010 -7.858618805092343 -7.801020036110514 -7.801020036110514
NGC4013 -7.854285389803595 -7.851236787955652 -7.851236787955652
NGC4051 -7.853303883214878 -7.833699597398315 -7.833699597398315
NGC4068 -8.282052383484594 -8.247327911806162 -8.151777591386168
NGC4085 -7.1362174296789265 -6.960089531216329 -6.620896885699559
NGC4088 -7.146519210256277 -6.983332455385704 -6.692442368152017
NGC4100 -7.025268526378087 -6.839817362675074 -6.48609937248243
NGC4138 -7.89105184021339 -7.802486704588511 -7.802486704588511
NGC4157 -7.276809630470687 -6.997692984274734 -6.681062452481579
NGC4183 -7.963956323640412 -7.843526677774638 -7.813197304646
NGC4217 -7.0687910594478085 -6.891755288848665 -6.534739761613175
NGC4559 -8.16620116478126 -8.059697779539354 -7.974217958499299
NGC5005 -6.355320260291887 -6.250488266870264 -5.740057874678398
NGC5033 -6.476121706258373 -6.269003085958399 -6.050752865016069
NGC5055 -6.495975698244613 -6.392817035883905 -5.85225999987034
NGC5371 -8.431755936374294 -8.28365621785891 -8.241690279305637
NGC5585 -8.244443123417279 -8.178006060991988 -8.097921631118458
NGC5907 -8.608843918360504 -8.408891449480654 -8.408891449480654
NGC5985 -8.863235292351085 -8.849283123906263 -8.738980544138315
NGC6015 -8.695453810151351 -8.497826815500256 -8.497826815500256
NGC6195 -7.528918533981689 -7.518327896996351 -7.422291408501477
NGC6503 -8.398603484558375 -8.235395834028106 -8.235395834028106
NGC6674 -8.75139256907532 -8.56284252140252 -8.445075743889273
NGC6946 -8.565536310549064 -8.435715184505794 -8.333880876892827
NGC7331 -9.375255066947787 -9.32419045299344 -8.924029873204526
NGC7793 -8.764959614422603 -8.690402966710979 -8.430624235752042
NGC7814 -9.251825319879394 -9.22779459530042 -8.838086791618013
UGC00128 -8.304003702791968 -8.038779664881316 -7.968217153858704
UGC00191 -9.214624490574657 -9.047213379428479 -8.775138705057886
UGC00731 -8.77054847283554 -8.77054847283554 -8.464474616928179
UGC00891 -8.822363204975884 -8.822363204975884 -8.463463906398983
UGC01281 -8.539568105959862 -8.539568105959862 -8.197374333745707
UGC02259 -8.599254505537285 -8.520923746102152 -8.28421689873773
UGC02487 -7.828618328435747 -7.721960873959636 -7.635425158354428
UGC02885 -7.703613589699079 -7.655099037296018 -7.637457241964283
UGC02916 -7.754996410992777 -7.608417801207483 -7.587301133343039
UGC02953 -7.808211350079138 -7.63143975450506 -7.429210368381517
UGC03205 -9.360763928822083 -9.360763928822083 -8.672715586068444
UGC03546 -8.872440669407878 -8.732811448104442 -8.540446690144224
UGC03580 -8.335717590614975 -8.302929787030253 -8.201449006524276
UGC04278 -7.880139598435563 -7.717288739995368 -7.607881352314444
UGC04325 -7.806980037714029 -7.539114179483174 -7.434999877582442
UGC04483 -8.301140056262586 -8.151287156947406 -8.151287156947406
UGC04499 -8.118607990178399 -8.106402925536363 -7.959020845335658
UGC05005 -8.989241924348953 -8.67709197253486 -8.67709197253486
UGC05253 -8.160299821367499 -8.1284766448031 -8.016760160251748
UGC05414 -8.013675553171565 -7.936188307507923 -7.871367873108987
UGC05716 -8.109461250812124 -8.109461250812124 -7.983584868840173
UGC05721 -8.196358778846244 -8.082730992999078 -8.025408126727582
UGC05750 -9.125685453348117 -8.941947720214246 -8.941947720214246
UGC05764 -8.122091660455727 -8.110533798647648 -8.018052604257365
UGC05829 -8.06505747826276 -7.910858993082218 -7.899334610021415
UGC05918 -8.100964662247621 -8.066688021925689 -8.007648449404416
UGC05986 -8.04093873805336 -7.901936766585214 -7.882315784730216
UGC06399 -7.868693889042495 -7.760501451124472 -7.760501451124472
UGC06446 -7.859303275505827 -7.832534116212074 -7.7800049491354075
UGC06614 -7.923845571260121 -7.870802150338338 -7.858142156268706
UGC06667 -7.896141150963502 -7.791855446894087 -7.791855446894087
UGC06786 -8.26476526181307 -8.123980172162605 -8.016756331781098
UGC06787 -8.066661264082438 -7.899221750509236 -7.899221750509236
UGC06818 -7.85810767488686 -7.791058789809508 -7.791058789809508
UGC06917 -7.999337746559049 -7.819582045289738 -7.819582045289738
UGC06923 -6.7481738705547825 -6.518924273616457 -6.340450965292555
UGC06930 -7.904661765312854 -7.826041843757471 -7.826041843757471
UGC06983 -6.907643241219395 -6.539417756359165 -6.225065126051818
UGC07089 -7.955085453982667 -7.818045172788617 -7.818045172788617
UGC07125 -7.913891419118497 -7.852500551900566 -7.852500551900566
UGC07151 -7.2808215051939245 -7.179240048016252 -6.967444569448364
UGC07261 -7.907446782164813 -7.810369406120422 -7.810369406120422
UGC07323 -8.089000792294692 -7.966703968236807 -7.94619914783014
UGC07399 -8.0331325584038 -7.957971043438906 -7.895184710941334
UGC07524 -8.245258975030351 -8.217854791081102 -8.130902052601202
UGC07559 -8.260293130353356 -8.2094890255615 -8.1217514093077
UGC07577 -8.307837992453347 -8.271135359179507 -8.195745899204065
UGC07603 -8.318600770378342 -8.318600770378342 -8.191480844753377
UGC07690 -8.045636175766996 -7.9691236088067186 -7.908987775719713
UGC07866 -8.300365975014603 -8.23902094591451 -8.173654279265559
UGC08286 -8.225037361000734 -8.117763385002068 -8.098488898132366
UGC08490 -7.6615134375719744 -7.4658074508690815 -7.268519755309294
UGC08550 -8.238988267906398 -8.178290069411698 -8.055521750630012
UGC08699 -6.60499777397888 -6.317133735871107 -5.958032265371013
UGC08837 -8.235481348616524 -8.170431515078546 -8.107217787030047
UGC09037 -8.959320522437064 -8.750001149881527 -8.668993904707733
UGC09133 -8.269557164493783 -8.269557164493783 -8.096699877280036
UGC09992 -8.369428135679858 -8.254223955894226 -8.172348556543945
UGC10310 -8.899462267312966 -8.883820352911576 -8.726557475762846
UGC11455 -9.38670676281593 -8.927964741017819 -8.927964741017819
UGC11557 -9.397257941903522 -8.963471359514667 -8.963471359514667
UGC11820 -9.552305647711586 -9.51198023577155 -9.191037201665985
UGC11914 -9.395582043799019 -9.395582043799019 -9.039930991179613
UGC12506 -8.813653734866048 -8.813653734866048 -8.449326748565246
UGC12632 -8.778412617281102 -8.65788327644866 -8.508122821071431
UGC12732 -9.192835856711877 -8.855867245874588 -8.855867245874588
UGCA442 -8.777100462661085 -8.558931959310408 -8.486498138633692
UGCA444 -8.330916645638927 -8.265505662618441 -8.184317686325247
